0.3898800015449524
-0.943338930606842
0.410736620426178
-0.9380502700805664
0.42736202478408813
-0.9320940375328064
0.4388987123966217
-0.9285598397254944
0.4462708830833435
-0.9243456721305847
0.4566532373428345
-0.9193829894065857
0.46812376379966736
-0.9158909320831299
0.47726523876190186
-0.914195716381073
0.4886913597583771
-0.9107253551483154
0.4948953688144684
-0.9050906300544739
0.506282389163971
-0.901646077632904
0.5124703645706177
-0.8960233926773071
0.5241599082946777
-0.8877426981925964
0.5343825817108154
-0.8828430771827698
0.5405393838882446
-0.8772367835044861
0.5518157482147217
-0.87386155128479
0.5631507039070129
-0.8657716512680054
0.5695004463195801
-0.8600732088088989
0.5796269774436951
-0.8552126884460449
0.5897337794303894
-0.8503560423851013
0.598060667514801
-0.8431347012519836
0.6081294417381287
-0.8382985591888428
0.617299497127533
-0.8318232297897339
0.6255778074264526
-0.8246514201164246
0.6355856657028198
-0.8198379874229431
0.6455739736557007
-0.815028190612793
0.657730758190155
-0.808644711971283
0.6628612279891968
-0.8014690279960632
0.6727892756462097
-0.7966814041137695
0.6888348460197449
-0.7863383293151855
0.6958721280097961
-0.7824409008026123
0.7018632888793945
-0.7769362926483154
0.7107911109924316
-0.7705253958702087
0.7189174294471741
-0.763524055480957
0.7277974486351013
-0.7571293115615845
0.7347835898399353
-0.7532863020896912
0.740735650062561
-0.7478069067001343
0.7495594024658203
-0.7414249181747437
0.7566012740135193
-0.7328348159790039
0.7664012312889099
-0.7281313538551331
0.7734205722808838
-0.7195624709129333
0.7783824801445007
-0.7124375700950623
0.7844369411468506
-0.7022097110748291
0.794091522693634
-0.6975274085998535
0.8000307083129883
-0.6921089291572571
0.8070124983787537
-0.6835752129554749
0.8156484365463257
-0.677238941192627
0.8216372728347778
-0.6670424342155457
0.8285001516342163
-0.6633395552635193
0.8344715237617493
-0.6531579494476318
0.8430252075195312
-0.6468424797058105
0.8499531149864197
-0.6383545398712158
0.8548025488853455
-0.631255030632019
0.860729992389679
-0.6210902333259583
0.8665578961372375
-0.6156821846961975
0.877082884311676
-0.6081023812294006
0.8809123039245605
-0.5992286205291748
0.8877730369567871
-0.5908737778663635
0.8925652503967285
-0.583785891532898
0.8994408845901489
-0.5753522515296936
0.904218852519989
-0.5682669281959534
0.9100694060325623
-0.5581413507461548
0.9148311614990234
-0.5510571599006653
0.9206647872924805
-0.5409379005432129
0.9254104495048523
-0.5338549017906189
0.9321856498718262
-0.5255866646766663
0.9359570145606995
-0.5166604518890381
0.9417572021484375
-0.5065545439720154
0.9474228024482727
-0.5013386607170105
0.9532038569450378
-0.4912469983100891
0.9544127583503723
-0.48334071040153503
0.9601888656616211
-0.47325316071510315
0.9648768305778503
-0.4661816954612732
0.9685086607933044
-0.4573802351951599
0.9708071947097778
-0.44645556807518005
0.9754776954650879
-0.43938320875167847
0.9767057299613953
-0.43146294355392456
0.9813942313194275
-0.41964781284332275
0.9872840642929077
-0.4046475887298584
0.9931955337524414
-0.38489827513694763
0.9979960322380066
-0.37288200855255127
1.002811312675476
-0.3561096489429474
1.0060827732086182
-0.34713754057884216
1.0087106227874756
-0.33633705973625183
1.0108946561813354
-0.33036163449287415
1.015700340270996
-0.3135751783847809
1.02069091796875
-0.29180046916007996
1.0263806581497192
-0.28174474835395813
1.0265874862670898
-0.2720089256763458
1.0326881408691406
-0.2472200244665146
1.0372629165649414
-0.2401438057422638
1.0385857820510864
-0.22741863131523132
1.0431511402130127
-0.2203449159860611
1.0455838441848755
-0.2094077318906784
1.048152208328247
-0.19849538803100586
1.050598382949829
-0.1875564306974411
1.054039716720581
-0.1786874383687973
1.055383563041687
-0.17070825397968292
1.059049129486084
-0.15680824220180511
1.06040358543396
-0.1488247662782669
1.06382155418396
-0.13994550704956055
1.0651819705963135
-0.13196028769016266
1.066550374031067
-0.11921513825654984
1.0668041706085205
-0.1141747385263443
1.0673232078552246
-0.09932442754507065
1.0664634704589844
-0.09245876967906952
1.0678627490997314
-0.07969623804092407
1.0692647695541382
-0.07169782370328903
1.069547176361084
-0.06187514215707779
1.0689791440963745
-0.049928925931453705
1.0692729949951172
-0.0400950163602829
1.0698622465133667
-0.025187645107507706
1.0701693296432495
-0.015343917533755302
1.0707820653915405
-0.00042003035196103156
1.0722527503967285
0.012369582429528236
1.0686887502670288
0.025315938517451286
1.0681910514831543
0.037329643964767456
1.0697009563446045
0.05013416334986687
1.0692214965820312
0.06216387450695038
1.0657331943511963
0.075154609978199
1.0661089420318604
0.0850379541516304
1.0615209341049194
0.09989969432353973
1.0630531311035156
0.10794048756361008
1.0585020780563354
0.12282413244247437
1.0547435283660889
0.1307525634765625
1.0563054084777832
0.138802170753479
1.0521892309188843
0.15883265435695648
1.0496768951416016
0.16971728205680847
1.0444952249526978
0.19164296984672546
1.042031168937683
0.2025454044342041
1.03755784034729
0.21270528435707092
1.0351301431655884
0.22362034022808075
1.0314908027648926
0.23160070180892944
1.0299805402755737
0.24079486727714539
1.0275967121124268
0.25172361731529236
1.0239901542663574
0.259715735912323
1.0233006477355957
0.2667228877544403
1.0197111368179321
0.27472060918807983
1.0165894031524658
0.28786516189575195
1.0130265951156616
0.2958715558052063
1.0123615264892578
0.3028866946697235
1.008815884590149
0.31089797616004944
1.0052809715270996
0.3189125955104828
1.0022414922714233
0.3320801258087158
0.9987335801124573
0.3401021659374237
0.9917501211166382
0.3561551868915558
0.9863716959953308
0.36826005578041077
0.9800587892532349
0.3773018419742584
0.9724001884460449
0.3955821394920349
0.9616160988807678
0.4145544767379761
0.9582200050354004
0.42260289192199707
0.9540663957595825
0.432854026556015
0.9478727579116821
0.44192779064178467
0.9359087347984314
0.4579649269580841
0.9318133592605591
0.4682213068008423
0.9256858825683594
0.4773114025592804
0.9199258089065552
0.48426228761672974
0.9138281941413879
0.49335962533950806
0.9077506065368652
0.502463161945343
0.9031084775924683
0.5075505971908569
0.8963058590888977
0.5188488960266113
0.874637246131897
0.5542827248573303
0.8676074743270874
0.5652589797973633
0.8602498769760132
0.5713903903961182
0.85709547996521
0.5794683694839478
0.8490157127380371
0.5877770781517029
0.8347511291503906
0.6048869490623474
0.8316532373428345
0.6129668951034546
0.8243570327758789
0.6190980076789856
0.8170675039291382
0.6252284049987793
0.8102149963378906
0.6362105011940002
0.8029494881629944
0.6423404812812805
0.7956907749176025
0.6484694480895996
0.7892063856124878
0.6597793102264404
0.7809419631958008
0.6677332520484924
0.7737159132957458
0.6738573312759399
0.7680130004882812
0.6830136179924011
0.7592853903770447
0.6861013770103455
0.7525988817214966
0.6970776915550232
0.742684543132782
0.7042788863182068
0.735507071018219
0.7103977203369141
0.727338969707489
0.7183226346969604
0.7201804518699646
0.7244353890419006
0.7103075981140137
0.7316358685493469
0.7031657695770264
0.7377460598945618
0.6960316896438599
0.7438541650772095
0.688024640083313
0.7447723150253296
0.6808980107307434
0.7508755922317505
0.5433111786842346
0.8456639647483826
0.5318813323974609
0.8497108221054077
0.5240212678909302
0.8574888110160828
0.5132836699485779
0.8594634532928467
0.5063180327415466
0.865501880645752
0.4955733120441437
0.8674726486206055
0.4848191738128662
0.8694421648979187
0.4778674244880676
0.8754709959030151
0.4664165675640106
0.8794716596603394
0.44939863681793213
0.8854183554649353
0.44063952565193176
0.8882570266723633
0.4316962957382202
0.8933883309364319
0.42361941933631897
0.8941929936408997
0.4121401309967041
0.8981565237045288
0.39984920620918274
0.9037911295890808
0.3909255266189575
0.9089233875274658
0.3794371783733368
0.9128613471984863
0.36984291672706604
0.9199972748756409
0.35903313755989075
0.9219245314598083
0.3509237468242645
0.9226896166801453
0.3394119143486023
0.9265978932380676
0.3332284390926361
0.9305744767189026
0.32239657640457153
0.9324877262115479
0.31554046273231506
0.9384440779685974
0.30741313099861145
0.9391847252845764
0.29656821489334106
0.9410861134529114
0.2904101610183716
0.9450597763061523
0.2822715640068054
0.9457875490188599
0.2714141607284546
0.9476807713508606
0.263263076543808
0.948397159576416
0.2496870905160904
0.9489745497703552
0.24152609705924988
0.9524973034858704
0.2278910130262375
0.9527150392532349
0.220392644405365
0.9514570832252502
0.20947463810443878
0.9533208012580872
0.19648019969463348
0.9518904089927673
0.18553347885608673
0.953741729259491
0.17457804083824158
0.955589234828949
0.16700895130634308
0.9546571373939514
0.1560308188199997
0.9564992189407349
0.11332008987665176
0.9573942422866821
0.10504038631916046
0.958017885684967
0.08295351266860962
0.961639940738678
0.06418479979038239
0.9624911546707153
0.042557619512081146
0.9615150094032288
0.03492037206888199
0.960212767124176
0.004881499335169792
0.9628003835678101
-0.007829944603145123
0.9593112468719482
-0.02897118218243122
0.9563586711883545
-0.03684241324663162
0.9553773403167725
-0.052970875054597855
0.9545888900756836
-0.06372041255235672
0.9516937732696533
-0.073734812438488
0.950067400932312
-0.08453205227851868
0.9471501111984253
-0.09228085726499557
0.9458118081092834
-0.11038487404584885
0.9400237202644348
-0.12098047882318497
0.9399001598358154
-0.13139086961746216
0.935433566570282
-0.1574675440788269
0.928242564201355
-0.16528968513011932
0.9268850684165955
-0.17627574503421783
0.9238592982292175
-0.18366442620754242
0.9210134744644165
-0.1975511908531189
0.9191939234733582
-0.20541313290596008
0.9178216457366943
-0.21530486643314362
0.9114732146263123
-0.22393567860126495
0.9118987321853638
-0.23429830372333527
0.9070045948028564
-0.24178002774715424
0.9041552543640137
-0.25293445587158203
0.9010403156280518
-0.26837825775146484
0.8967981934547424
-0.2871443033218384
0.890799343585968
-0.3048447072505951
0.8782046437263489
-0.3259153962135315
0.8716179728507996
-0.3437751233577728
0.8589573502540588
-0.36207255721092224
0.8510913252830505
-0.369762659072876
0.8448311686515808
-0.38007745146751404
0.8383642435073853
-0.385189950466156
0.8356897234916687
-0.3955436944961548
0.8292111158370972
-0.4110580384731293
0.8200403451919556
-0.42148131132125854
0.8135414123535156
-0.43972617387771606
0.8007020950317383
-0.4475210905075073
0.7943593859672546
-0.4553886950016022
0.7914747595787048
-0.46290355920791626
0.7836876511573792
-0.47376659512519836
0.7785693407058716
-0.4813149869441986
0.7707637548446655
-0.49138304591178894
0.7639038562774658
-0.4962793290615082
0.7597600221633911
-0.5072112679481506
0.7546101808547974
-0.5148189663887024
0.746775209903717
-0.5255204439163208
0.7401823401451111
-0.5334323644638062
0.7337519526481628
-0.5433277487754822
0.7254362106323242
-0.5589478611946106
0.7111087441444397
-0.5666483640670776
0.7032204866409302
-0.5743631720542908
0.6953229308128357
-0.5830733776092529
0.680295467376709
-0.590813398361206
0.6723779439926147
-0.6025096774101257
0.6550036668777466
-0.6171593070030212
0.6374315023422241
-0.6249502301216125
0.6294733285903931
-0.6295471787452698
0.6202551126480103
-0.6495572924613953
0.599849283695221
-0.6601637005805969
0.5880607962608337
-0.665255069732666
0.5838510990142822
-0.672402024269104
0.575607180595398
-0.6927928328514099
0.5502767562866211
-0.6979210376739502
0.5460546016693115
-0.7058427929878235
0.5380063652992249
-0.7176403999328613
0.5204258561134338
-0.7222605347633362
0.511109471321106
-0.7274221777915955
0.5068747401237488
-0.7320429682731628
0.49754756689071655
-0.7400113940238953
0.48945707082748413
-0.7488453984260559
0.47424063086509705
-0.7534628510475159
0.4648898243904114
-0.7580744028091431
0.45553264021873474
-0.7985103726387024
0.37664470076560974
-0.800287663936615
0.3711392879486084
-0.8129431009292603
0.3412894308567047
-0.8147004842758179
0.33578044176101685
-0.8190956115722656
0.324894517660141
-0.8201003074645996
0.31423428654670715
-0.8281660079956055
0.306017130613327
-0.8298152685165405
0.2882537543773651
-0.838670551776886
0.2678847014904022
-0.8357352018356323
0.25957879424095154
-0.8402063846588135
0.2501213550567627
-0.8446711301803589
0.24065931141376495
-0.8479154706001282
0.2281557321548462
-0.8487366437911987
0.21747584640979767
-0.8528594970703125
0.19576437771320343
-0.8571292757987976
0.18480782210826874
-0.8615317344665527
0.1753256916999817
-0.8622404932975769
0.16464152932167053
-0.858952522277832
0.15489400923252106
-0.8633139133453369
0.1454087197780609
-0.867668628692627
0.1359197199344635
-0.8654319047927856
0.12772151827812195
-0.8649205565452576
0.11550329625606537
-0.8692339658737183
0.10601240396499634
-0.8669416904449463
0.09781830757856369
-0.8674747943878174
0.08714155107736588
-0.8716122508049011
0.07614682614803314
-0.8758832812309265
0.0666479840874672
-0.875217854976654
0.054449837654829025
-0.8728325963020325
0.04626168683171272
-0.8732503652572632
0.03559205308556557
-0.8774614930152893
0.026093482971191406
-0.8765456080436707
0.01240529678761959
-0.8767446279525757
0.00022855553834233433
-0.8770564794540405
-0.01043148897588253
-0.8800488114356995
-0.021433023735880852
-0.8801701664924622
-0.033606596291065216
-0.8802619576454163
-0.04578059911727905
-0.8778344988822937
-0.05242583900690079
-0.8766995072364807
-0.06608452647924423
-0.8768538236618042
-0.07672198861837387
-0.8768311738967896
-0.0888851135969162
-0.8743225336074829
-0.09550920873880386
-0.8755925893783569
-0.10252700746059418
-0.8756588697433472
-0.1131497323513031
-0.8731055855751038
-0.1197611466050148
-0.8703843951225281
-0.12790480256080627
-0.8742019534111023
-0.13892722129821777
-0.8714022636413574
-0.1576690673828125
-0.8647655248641968
-0.16537323594093323
-0.8644998073577881
-0.17750462889671326
-0.861823558807373
-0.1840791553258896
-0.8586266040802002
-0.20431679487228394
-0.8514500260353088
-0.22408194839954376
-0.8510139584541321
-0.2361844927072525
-0.848223865032196
-0.24272142350673676
-0.845244288444519
-0.2508125901222229
-0.8447321653366089
-0.2629004716873169
-0.8347536325454712
-0.27857568860054016
-0.8293962478637695
-0.30377528071403503
-0.8153043985366821
-0.3394566774368286
-0.8147212266921997
-0.34990325570106506
-0.8139101266860962
-0.3619198501110077
-0.8064889907836914
-0.37098708748817444
-0.8032296299934387
-0.3790028393268585
-0.8025384545326233
-0.3894117474555969
-0.79642653465271
-0.41440024971961975
-0.7888455986976624
-0.4234100580215454
-0.7854734063148499
-0.43138936161994934
-0.7767476439476013
-0.4523142874240875
-0.7748057246208191
-0.4572923481464386
-0.7670915126800537
-0.4662504494190216
-0.7636215686798096
-0.4741958677768707
-0.7601338028907776
-0.48213496804237366
-0.7525856494903564
-0.4894632399082184
-0.7490618228912354
-0.49738579988479614
-0.7447576522827148
-0.5088711380958557
-0.741191029548645
-0.5167800784111023
-0.7332949042320251
-0.5256606340408325
-0.7296882271766663
-0.5335532426834106
-0.7217420935630798
-0.5424107909202576
-0.7193766832351685
-0.5489282011985779
-0.711381196975708
-0.5577646493911743
-0.7079657912254333
-0.5640166401863098
-0.6999256014823914
-0.5728282928466797
-0.6974903345108032
-0.579321563243866
-0.691570520401001
-0.5920330286026001
-0.6834428310394287
-0.600803554058075
-0.6752884387969971
-0.6095594167709351
-0.6714853048324585
-0.6173660159111023
-0.6645686626434326
-0.6247566342353821
-0.6563399434089661
-0.6334743499755859
-0.6524797081947327
-0.6412547826766968
-0.6351006031036377
-0.6534008383750916
-0.6311892867088318
-0.6611563563346863
-0.6241402626037598
-0.6684840321540833
-0.6201938986778259
-0.6762234568595886
-0.6130996346473694
-0.6835294365882874
-0.6026464700698853
-0.6882768273353577
-0.5986500382423401
-0.6959900259971619
-0.5914966464042664
-0.7032649517059326
-0.5830284357070923
-0.7118462324142456
-0.5738178491592407
-0.7152396440505981
-0.5697540044784546
-0.7229177951812744
-0.5519862771034241
-0.7348355650901794
-0.5386155247688293
-0.745849072933197
-0.5309456586837769
-0.7546657919883728
-0.5207428932189941
-0.7576947212219238
-0.49760353565216064
-0.7736130356788635
-0.46602368354797363
-0.7962509989738464
-0.4572751522064209
-0.8046393394470215
-0.44752222299575806
-0.8095656633377075
-0.4387350082397461
-0.8179258108139038
-0.4312068223953247
-0.8249700665473938
-0.42054447531700134
-0.8295350670814514
-0.41256073117256165
-0.8381882905960083
-0.3924765884876251
-0.845982015132904
-0.3835843801498413
-0.8542556762695312
-0.37416642904281616
-0.8574866056442261
-0.36302727460861206
-0.8636403679847717
-0.35536324977874756
-0.8705815672874451
-0.3459240794181824
-0.8737906813621521
-0.33521130681037903
-0.8782862424850464
-0.32530638575553894
-0.8831206560134888
-0.31758061051368713
-0.890010416507721
-0.3051362633705139
-0.8907914757728577
-0.2969123125076294
-0.8992944955825806
-0.2811994254589081
-0.9061543941497803
-0.2717260718345642
-0.9093162417411804
-0.24652165174484253
-0.9193011522293091
-0.22540301084518433
-0.9235692024230957
-0.18568718433380127
-0.9389949440956116
-0.17619553208351135
-0.9421037435531616
-0.16670161485671997
-0.945205807685852
-0.16009822487831116
-0.9439681172370911
-0.15006516873836517
-0.948701798915863
-0.13932637870311737
-0.9530878663063049
-0.12826967239379883
-0.9525881409645081
-0.11878255009651184
-0.9556729793548584
-0.10718385875225067
-0.9568114280700684
-0.0976991355419159
-0.9598883390426636
-0.08821257948875427
-0.9629581570625305
-0.06087619438767433
-0.9708086848258972
-0.04988826438784599
-0.970321536064148
-0.019370514899492264
-0.9775644540786743
-0.00842303317040205
-0.9770846962928772
0.011970377527177334
-0.9796428680419922
0.023501358926296234
-0.9808026552200317
0.03440039977431297
-0.98033607006073
0.0438501201570034
-0.9833587408065796
0.054726455360651016
-0.9828957319259644
0.06622731685638428
-0.9840671420097351
0.07707773149013519
-0.9836132526397705
0.08352657407522202
-0.9824711680412292
0.09435272961854935
-0.9820272922515869
0.10376843810081482
-0.9850388765335083
0.11457178741693497
-0.9845983386039734
0.12046390026807785
-0.9837657809257507
0.1420210897922516
-0.9829024076461792
0.17559543251991272
-0.9782304763793945
0.18699249625205994
-0.9794527292251587
0.19336162507534027
-0.9783640503883362
0.2028701901435852
-0.9766095876693726
0.21354138851165771
-0.9762156009674072
0.22419756650924683
-0.9758260250091553
0.2361561506986618
-0.9720621109008789
0.24131916463375092
-0.9696266651153564
0.25193196535110474
-0.9692543745040894
0.26383280754089355
-0.9655218720436096
0.2744087278842926
-0.9651644229888916
0.283816397190094
-0.9634223580360413
0.2908422648906708
-0.9640124440193176
0.3019258379936218
-0.9586938619613647
0.3124438226222992
-0.9583573341369629
0.33557772636413574
-0.9512651562690735
0.3566129803657532
-0.9459080100059509
0.3640941381454468
-0.9416014552116394
0.37462741136550903
-0.936576247215271
0.385025292634964
-0.9362907409667969
0.39664435386657715
-0.932714581489563
0.40588346123695374
-0.9310030341148376
0.4248550236225128
-0.9232125878334045
0.43405234813690186
-0.9215100407600403
0.4414297342300415
-0.9172922968864441
0.4632890224456787
-0.9088342189788818
0.46942371129989624
-0.9079099893569946
0.47893717885017395
-0.9013344645500183
0.48625263571739197
-0.897171139717102
0.49654656648635864
-0.8922426700592041
